4294967278,4
4294967279,132
4294967279,131
4294967279,130
4294967279,129
4294967279,128
4294967279,127
4294967279,126
4294967278,21
4294967278,20
4294967278,19
4294967278,18
4294967278,17
4294967278,16
4294967278,15
4294967278,14
4294967278,13
4294967278,12
4294967278,11
4294967278,10
4294967278,9
4294967278,8
4294967278,7
4294967278,6
4294967278,5
4294967278,343
4294967278,342
4294967279,534
4294967278,341
4294967279,533
4294967278,252
4294967278,250
4294967279,532
4294967278,248
4294967278,249
4294967278,246
4294967278,244
4294967278,242
33,6
33,5
4294967278,240
33,4
33,3
33,2
33,1
4294967279,531
4294967278,238
4294967278,340
4294967279,530
4294967278,234
4294967278,235
4294967278,232
4294967278,230
4294967278,231
4294967278,228
4294967278,224
4294967278,222
4294967278,220
4294967278,216
4294967278,214
4294967278,339
4294967279,529
4294967294,424
4294967278,213
4294967278,37
4294967278,36
4294967278,35
4294967278,34
4294967278,33
4294967278,32
4294967278,31
4294967278,30
4294967278,29
4294967278,28
4294967278,27
4294967278,26
4294967278,25
4294967278,24
4294967278,23
4294967278,22
4294967279,528
4294967278,338
2,2
4294967278,211
4294967278,210
30,4
30,3
30,2
30,1
4294967279,527
4294967278,209
4294967278,208
4294967278,337
4294967279,526
4294967278,336
4294967279,525
4294967278,335
4294967278,204
4294967294,387
4294967294,388
4294967279,524
4294967278,334
4294967278,202
4294967278,201
4294967278,333
4294967279,523
4294967278,200
29,6
29,5
4294967278,199
29,4
29,3
29,2
29,1
4294967279,522
4294967278,198
4294967279,521
4294967278,332
4294967279,520
4294967278,195
4294967278,331
4294967279,519
4294967278,194
4294967294,1414
4294967294,190
4294967294,421
4294967294,173
4294967294,163
4294967278,193
4294967278,330
4294967279,518
4294967278,192
4294967278,190
4294967278,189
4294967279,517
4294967278,188
4294967278,186
4294967278,185
4294967278,184
4294967278,42
4294967278,41
4294967278,40
4294967278,39
4294967278,38
4294967279,42
4294967279,41
4294967279,39
4294967279,38
4294967279,37
4294967279,36
4294967279,35
4294967279,34
4294967279,32
4294967279,30
4294967279,29
4294967279,516
4294967278,329
4294967279,515
4294967278,181
4294967278,328
4294967279,514
4294967278,180
4294967278,179
4294967278,327
4294967279,513
4294967278,178
4294967279,512
4294967278,326
4294967278,172
26,6
4294967278,175
26,5
26,4
4294967278,173
26,3
26,2
26,1
4294967278,325
4294967278,324
4294967278,310
4294967279,319
4294967278,323
4294967294,89
4294967278,168
4294967278,167
4294967278,322
4294967278,166
4294967278,165
4294967278,162
4294967278,164
25,5
25,4
4294967278,163
25,2
25,1
4294967278,321
4294967278,260
4294967278,0
4294967278,161
4294967278,160
4294967278,159
4294967279,315
4294967279,26
4294967279,285
4294967279,25
4294967279,23
4294967279,22
4294967279,20
4294967279,19
4294967279,18
4294967279,17
4294967279,15
4294967279,13
4294967279,12
4294967279,11
4294967279,10
0,5
4294967278,298
4294967279,318
4294967294,1001
4294967294,186
4294967294,1000
4294967294,151
4294967278,157
4294967278,320
4294967294,392
4294967294,389
4294967294,390
4294967294,114
4294967294,120
4294967294,2
4294967278,319
4294967279,317
4294967278,318
4294967279,153
4294967294,37
4294967294,427
4294967294,205
4294967294,199
4294967294,40
4294967294,36
4294967294,39
4294967279,152
4294967279,316
4294967294,42
23,6
23,5
23,4
4294967279,147
23,3
23,2
23,1
4294967279,260
4294967279,0
4294967294,76
4294967279,288
4294967294,50
4294967278,317
4294967279,308
18,3
4294967294,38
4294967294,52
4294967294,51
4294967294,92
4294967294,91
4294967294,88
4294967294,87
4294967294,85
4294967294,82
4294967279,141
4294967279,136
4294967294,83
4294967294,22
4294967294,17
4294967294,99
4294967294,41
4294967294,1415
4294967294,107
4294967294,470
4294967294,7
4294967294,6
4294967294,94
4294967294,93
4294967294,96
4294967294,95
4294967279,134
4294967294,9
4294967294,8
0,7
4294967294,1
4294967294,46
